107.09,0
86.0,4
88.0,8
91.0,13
96.0,18
99.0,23
101.0,33
104.5,36
104.0,40
104.0,43
99.0,46
97.0,49
97.0,52
99.0,55
91.0,64
93.0,67
93.0,71
96.0,74
96.0,76
96.0,79
96.0,82
95.0,85
91.0,93
90.5,96
92.0,98
83.0,101
92.0,105
90.0,109
88.0,113
83.0,124
83.0,128
83.0,132
82.0,135
83.0,139
83.0,143
81.0,154
80.0,158
80.0,161
81.0,165
81.5,168
83.0,171
84.0,175
83.0,185
85.0,190
87.0,194
84.0,198
84.0,203
83.0,215
84.0,219
83.0,223
85.0,227
86.0,230
83.0,233
87.0,236
83.0,247
83.0,250
82.0,254
82.0,258
83.0,261
84.0,265
89.0,276
92.0,282
92.0,287
94.0,292
86.0,311
86.0,315
86.0,318
86.0,321
85.0,324
85.0,333
84.0,344
85.0,347
85.0,351
86.0,355
98.5,366
105.0,371
103.0,377
95.0,382
93.0,386
96.0,394
96.0,397
97.0,401
100.0,408
101.0,411
100.0,414
101.0,425
102.0,428
105.0,431
103.0,435
102.0,443
105.0,454
107.0,457
107.0,461
106.0,464
106.0,468
105.0,472
104.0,475
105.0,486
99.0,490
98.0,493
99.0,496
98.0,499
96.0,513
98.0,517
100.0,521
100.0,524
101.0,545
102.0,549
103.0,552
101.0,556
103.5,560
105.0,564
103.0,573
103.0,577
104.0,580
105.0,585
101.0,606
99.0,609
102.0,612
100.0,622
102.0,625
103.0,635
104.0,638
105.0,641
110.0,655
106.0,666
105.0,670
103.0,673
104.0,677
97.0,684
98.0,693
95.0,696
91.0,700
92.0,705
90.0,708
91.0,711
90.0,726
90.0,728
89.0,731
89.0,733
90.0,736
92.0,739
95.0,742
93.0,745
91.0,753
87.0,757
85.0,760
84.0,764
82.0,767
87.0,771
86.0,774
79.0,789
78.0,792
79.0,795
78.0,805
82.0,815
77.0,818
78.0,822
79.0,825
79.0,829
82.0,845
83.0,848
84.0,851
86.0,853
87.0,856
90.0,865
88.0,875
88.0,879
88.0,882
86.0,885
85.0,888
84.0,905
84.0,908
83.0,912
82.0,915
81.0,918
80.0,922
84.0,932
83.0,935
83.0,938
82.0,941
81.0,944
81.0,948
81.0,951
82.0,964
82.5,966
86.0,968
92.0,971
104.0,974
102.0,976
104.0,979
99.0,982
104.0,993
105.5,996
107.0,998
108.0,1001
109.0,1004
110.0,1026
110.0,1031
112.0,1035
119.0,1056
119.0,1059
118.0,1063
116.0,1066
113.0,1086
113.0,1089
114.0,1093
116.0,1096
118.0,1099
118.0,1102
120.0,1105
121.0,1114
120.0,1118
121.0,1122
121.0,1126
122.0,1129
120.0,1132
120.0,1135
120.0,1147
119.0,1151
118.0,1159
119.0,1162
120.0,1166
118.0,1192
118.0,1196
121.0,1207
122.0,1211
123.0,1223
120.0,1236
121.0,1240
120.0,1244
120.0,1246
122.0,1256
123.0,1263
124.0,1265
126.0,1268
125.0,1270
125.0,1273
118.0,1285
115.0,1297
109.0,1301
108.0,1314
102.0,1324
102.0,1328
100.0,1331
98.0,1335
100.0,1339
97.0,1342
93.0,1354
97.0,1359
97.0,1362
96.0,1365
95.0,1368
95.0,1372
92.0,1386
90.0,1389
91.0,1392
91.0,1396
91.0,1399
92.0,1403
91.0,1414
90.0,1422
89.0,1426
89.0,1429
91.0,1433
89.0,1450
96.0,1454
97.0,1457
95.0,1460
93.0,1463
91.0,1475
91.0,1478
91.0,1481
90.0,1483
89.5,1486
92.0,1490
88.0,1493
92.0,1511
96.0,1515
92.0,1518
90.0,1522
83.0,1545
83.0,1550
85.0,1554
95.0,1569
106.0,1572
111.0,1574
116.0,1577
114.0,1579
102.0,1582
97.0,1585
121.0,1595
106.0,1598
109.0,1601
112.0,1603
114.0,1606
117.0,1609
121.0,1625
122.0,1628
124.0,1640
126.0,1645
129.0,1663
130.0,1666
131.0,1668
132.0,1671
132.0,1673
132.0,1687
134.0,1690
135.0,1692
136.0,1695
136.0,1698
136.0,1701
135.0,1712
135.0,1715
135.0,1718
135.0,1721
137.0,1733
137.0,1736
140.0,1745
141.0,1747
141.0,1750
141.0,1762
141.0,1765
143.0,1783
144.0,1786
145.0,1789
144.0,1792
144.0,1794
146.0,1816
147.0,1818
147.0,1821
146.0,1824
147.0,1826
144.0,1841
144.0,1843
145.0,1846
145.0,1849
145.0,1851
145.0,1853
145.0,1865
145.0,1867
146.0,1869
146.0,1870
147.0,1873
147.0,1874
111.0,1953
110.0,1956
111.0,1965
111.0,1969
110.0,1972
112.0,1992
110.0,1995
108.0,1998
108.0,2000
109.0,2003
105.0,2017
106.0,2020
107.0,2023
107.0,2026
107.0,2029
107.0,2032
110.0,2048
111.0,2051
108.0,2054
109.0,2057
112.0,2061
103.0,2082
103.0,2084
104.0,2087
102.0,2090
100.0,2116
100.0,2120
102.0,2124
103.0,2147
101.0,2151
100.0,2170
100.0,2175
102.0,2181
103.0,2201
103.0,2204
102.0,2207
101.0,2211
99.0,2225
99.0,2228
99.0,2231
97.0,2236
97.0,2240
97.0,2256
96.0,2258
96.0,2261
98.0,2265
96.0,2286
97.0,2293
96.0,2302
96.0,2312
96.0,2320
93.0,2344
95.0,2347
95.0,2351
94.0,2355
95.0,2358
93.0,2376
98.0,2380
93.0,2384
93.0,2387
94.0,2391
94.0,2395
101.0,2415
101.0,2419
101.0,2424
95.0,2448
95.0,2471
92.0,2473
88.0,2476
91.0,2494
91.0,2497
101.0,2508
98.0,2511
97.0,2515
98.0,2525
92.0,2535
91.0,2539
89.0,2543
89.0,2567
91.0,2570
92.0,2575
91.0,2596
90.0,2599
91.0,2603
94.0,2617
95.0,2628
93.0,2631
94.0,2634
96.0,2644
94.0,2648
93.0,2658
95.0,2661
94.0,2664
95.0,2674
94.0,2677
93.0,2680
97.0,2690
101.0,2711
101.0,2714
96.0,2718
92.0,2721
92.0,2744
92.0,2748
92.0,2750
93.0,2753
104.0,2771
106.0,2773
113.0,2776
123.0,2781
107.0,2792
110.0,2798
125.0,2815
126.0,2817
131.0,2824
132.0,2828
133.0,2830
133.0,2834
131.0,2844
140.0,2870
142.0,2873
143.0,2883
144.0,2885
145.0,2888
145.0,2891
146.0,2894
150.0,2915
150.0,2917
150.0,2924
153.0,2973
153.0,2975
153.0,2979
153.0,2982
153.0,2984
152.0,2986
154.0,3008
155.0,3011
154.0,3014
156.0,3021
156.0,3023
160.0,3042
159.0,3045
157.0,3056
156.0,3064
158.0,3082
143.0,3105
138.0,3111
123.0,3166
117.0,3175
110.0,3228
114.0,3256
110.0,3264
103.0,3355
99.0,3429
102.0,3498
101.0,3500
102.0,3526
101.0,3544
100.0,3547
101.0,3559
99.0,3587
99.0,3590
99.0,3593
98.0,3618
96.0,3625
96.0,3640
98.0,3646
99.0,3676
97.0,3678
97.0,3712
92.0,3805
96.0,3832
96.0,3835
99.0,3857
99.0,3866
100.0,3917
126.0,3980
117.5,3995
119.0,4001
130.0,4016
135.0,4025
151.0,4059
152.0,4061
153.0,4065
153.0,4092
153.0,4094
160.0,4131
160.0,4133
163.0,4147
164.0,4155
165.0,4223
165.0,4241
167.0,4253
167.0,4254
167.0,4265
168.0,4277
168.0,4291
160.0,4304
150.0,4316
144.0,4331
135.0,4345
